20160831,235926,H,粤BL3F79,113.823601,22.614317,84.0,243,0,1
20160831,235909,H,粤BY74J3,114.134903,22.565701,0.0,0,0,1
20160831,235955,H,粤B9F06P,114.119003,22.678801,0.0,0,0,1
20160831,235908,H,粤B6NC59,114.057198,22.535400,22.0,256,0,1
20160831,235957,H,粤B3NK01,113.834999,22.624701,0.0,0,0,1
20160831,235957,H,粤B661VY,113.900299,22.578199,12.0,256,0,1
20160831,235958,H,粤B097YP,114.050385,22.518328,42.0,270,0,1
20160831,235958,H,粤BX2X90,113.970520,22.623629,13.0,230,0,1
20160831,235908,H,粤B2V0P1,113.812401,22.623100,3.0,0,0,1
20160901,1,H,粤B0U1G2,114.191566,22.644236,28.0,250,0,1
20160831,235959,H,粤B4R7Y1,114.099243,22.579741,4.0,10,1,1
20160831,235957,H,粤B340ZB,114.030800,22.623899,0.0,0,0,1
20160831,235958,H,粤B2HL15,113.818001,22.649900,0.0,256,0,1
20160831,235907,H,粤B7NP26,114.056999,22.578400,35.0,0,0,1
20160831,235956,H,粤B311VX,113.896004,22.582100,20.0,0,0,1
20160831,235908,H,粤BZ5Z73,113.922997,22.546600,0.0,0,0,1
20160831,235909,H,粤B5BB78,114.048798,22.567801,0.0,0,0,1
20160831,235955,H,粤B3MM40,113.879997,22.578899,16.0,0,0,1
20160831,235957,H,粤B0X8U7,114.089996,22.537800,37.0,0,0,1
20160831,235958,H,粤B4NK29,113.907204,22.659000,50.0,0,0,1
20160831,235958,H,粤B571ZE,114.050903,22.637501,0.0,0,0,1
20160831,235957,H,粤B2Y2N6,114.240898,22.652901,0.0,256,0,1
20160831,235957,H,粤B4X8A3,114.134003,22.586000,5.0,0,0,1
20160831,235957,H,粤BP40G1,113.930634,22.542885,0.0,179,0,1
20160831,235957,H,粤B8X5Q2,113.891098,22.503099,30.0,0,0,1
20160831,235959,H,粤B4CS78,114.027435,22.610332,0.0,315,1,1
20160831,235957,H,粤B3HU35,114.027367,22.615316,0.0,150,0,1
20160831,235958,H,粤BW4P78,114.186096,22.561300,15.0,135,0,1
20160831,235959,H,粤BM31U7,114.013336,22.734501,41.0,270,1,1
20160831,235957,H,粤B142ZC,113.891800,22.591900,0.0,0,0,1
20160831,235957,H,粤B2H3G0,114.012001,22.535400,27.0,0,0,1
20160831,235956,H,粤B8MP33,113.889297,22.564100,0.0,0,0,1
20160831,235957,H,粤BX0X51,114.117310,22.609907,0.0,180,1,1
20160831,235958,H,粤BP24G8,113.949783,22.543150,49.0,88,1,1
20160831,235956,H,粤B6P7S1,114.043503,22.557699,29.0,0,0,1
20160831,235957,H,粤B4H7G3,114.158997,22.610701,0.0,256,0,1
20160831,235908,H,粤B4D7Y3,113.813400,22.623400,0.0,0,0,1
20160831,235956,H,粤B6P7S1,114.043503,22.557699,29.0,0,0,1
20160831,235958,H,粤B5WT32,114.009415,22.676884,0.0,245,0,1
20160831,235956,H,粤B8WW67,114.128487,22.693647,0.0,230,0,1
20160831,235957,H,粤B8WW67,114.128487,22.693647,0.0,230,0,1
20160831,235958,H,粤B8WW67,114.128487,22.693647,0.0,230,0,1
20160831,235959,H,粤B8WW67,114.128487,22.693647,0.0,230,0,1
20160831,235957,H,粤BJ24H0,114.123314,22.698282,51.0,98,1,1
20160831,235956,H,粤BJ24H0,114.123314,22.698282,51.0,98,1,1
20160831,235955,H,粤BJ24H0,114.123314,22.698282,51.0,98,1,1
20160831,235954,H,粤BJ24H0,114.123314,22.698282,51.0,98,1,1
20160831,235958,H,粤B6WT02,114.015503,22.748068,39.0,65,0,1
20160831,235958,H,粤BN07E5,114.018814,22.544550,69.0,259,0,1
20160831,235958,H,粤BV4Z71,114.056053,22.537785,23.0,354,0,1
20160831,235908,H,粤B5A2S2,113.975800,22.556601,39.0,0,0,1
20160831,235958,H,粤BJ47J8,114.164749,22.632099,0.0,276,1,1
20160831,235958,H,粤B7WK66,114.266541,22.728018,0.0,343,1,1
20160831,235946,H,粤B488YU,114.113152,22.603100,0.0,187,0,1
20160831,235956,H,粤B2J4M3,114.107475,22.567017,0.0,192,0,1
20160831,235958,H,粤B1WK65,113.813171,22.623669,0.0,22,0,1
20160831,235958,H,粤B2V4Q3,113.961151,22.710518,0.0,63,1,1
20160831,235957,H,粤B2V4Q3,113.961151,22.710518,0.0,63,1,1
20160831,235956,H,粤B2V4Q3,113.961151,22.710518,0.0,63,1,1
20160831,235955,H,粤B2V4Q3,113.961151,22.710518,0.0,63,1,1
20160831,235958,H,粤B456WY,114.053719,22.524700,0.0,340,0,1
20160831,235958,H,粤B2SR25,114.125534,22.558767,30.0,132,0,1
20160831,235956,H,粤B0WK45,113.900497,22.570850,0.0,148,0,1
20160831,235958,H,粤B4Q8C2,113.874100,22.585501,38.0,256,0,1
20160831,235957,H,粤BV7Y41,114.074814,22.534847,0.0,320,0,1
20160831,235908,H,粤B4S5K5,114.051201,22.537800,25.0,0,0,1
20160831,235957,H,粤B4AJ67,114.027313,22.612766,0.0,321,0,1
20160831,235958,H,粤BZ1V47,114.052330,22.541201,0.0,0,0,1
20160831,235957,H,粤BQ2P59,114.067032,22.523916,0.0,101,0,1
20160831,235958,H,粤B2VZ50,113.872398,22.593666,0.0,12,0,1
20160831,235957,H,粤B2Q4C7,114.057152,22.525801,0.0,113,0,1
20160831,235958,H,粤B9BS41,114.269966,22.730534,3.0,291,0,1
20160831,235958,H,粤B2G5G7,113.880753,22.572218,37.0,139,0,1
20160831,235957,H,粤BV4Y07,114.014015,22.538099,0.0,257,0,1
20160831,235958,H,粤BCJ969,113.903648,22.529385,0.0,10,0,1
20160831,235957,H,粤BV6Z41,114.129715,22.546947,0.0,55,0,1
20160831,235958,H,粤BZ2W47,113.934349,22.542667,44.0,267,1,1
20160831,235951,H,粤B3SR00,114.114098,22.585531,28.0,235,0,1
20160831,235957,H,粤B4H7K5,114.136047,22.620417,26.0,220,0,1
20160831,235958,H,粤B4WK56,114.011650,22.667868,0.0,287,0,1
20160831,235948,H,粤B9W4F5,114.099449,22.543016,25.0,166,1,1
20160831,235953,H,粤B9W5F2,114.111649,22.541901,0.0,104,1,1
20160831,235958,H,粤B1SU13,114.056999,22.530001,0.0,256,0,1
20160831,235958,H,粤B1SU13,114.056999,22.530001,0.0,256,0,1
20160831,235958,H,粤B3SU48,113.972504,22.540400,12.0,0,0,1
20160831,235957,H,粤B437WV,113.834930,22.618999,0.0,341,0,1
20160831,235958,H,粤B475WZ,114.053551,22.524982,0.0,112,0,1
20160831,235958,H,粤B287YU,113.930435,22.524250,70.0,270,0,1
20160831,235958,H,粤B3WW07,114.016602,22.639715,17.0,5,0,1
20160831,235957,H,粤B1NQ25,114.038582,22.598185,61.0,318,1,1
20160831,235957,H,粤B6WK50,114.252701,22.715134,0.0,190,0,1
20160831,235958,H,粤B3SU48,113.972504,22.540400,12.0,0,0,1
20160831,235957,H,粤BP52A9,114.037949,22.613367,0.0,40,0,1
20160831,235958,H,粤B3VW95,114.121300,22.543468,0.0,210,0,1
20160831,235955,H,粤BG0P03,113.955200,22.583467,34.0,45,1,1
20160831,235908,H,粤BH2K04,114.046600,22.520300,0.0,256,0,1
20160831,235909,H,粤B4S7Z1,114.051498,22.528500,0.0,0,0,1
20160831,235959,H,粤B5P8N2,114.068298,22.531799,0.0,256,0,1
20160831,235959,H,粤B5P8N2,114.068298,22.531799,0.0,256,0,1
20160831,235909,H,粤B1AJ43,114.068901,22.573200,0.0,0,0,1
